945 474
189 594
522 309
1331 785
1656 979
1052 87
1267 171
1100 490
533 185
261 779
1214 241
866 891
261 390
733 289
1067 565
1263 116
404 430
1994 478
1610 213
1640 663
506 728
335 667
1545 546
283 305
133 215
1861 231
593 727
1909 231
81 203
928 871
1884 375
504 262
695 410
1769 203
348 72
1370 53
730 467
1052 878
146 765
236 583
496 60
446 318
1269 400
1638 475
950 765
875 601
1498 949
1442 877
952 905
640 362

#solution
0 14 152
14 7 82
7 42 191
42 10 168
10 5 224
5 6 231
6 15 55
15 35 124
35 18 288
18 33 159
33 25 96
25 27 48
27 30 146
30 17 151
17 43 356
43 22 117
22 19 151
19 4 316
4 46 161
46 47 91
47 3 144
3 37 294
37 44 152
44 29 108
29 48 42
48 11 87
11 26 318
26 20 87
20 21 182
21 9 134
9 38 116
38 1 176
1 39 48
39 16 227
16 12 148
12 23 88
23 24 175
24 28 53
28 34 297
34 40 148
40 8 130
8 31 82
31 41 81
41 2 77
2 49 129
49 13 118
13 32 127
32 36 67
36 45 197
45 0 145

#total
7484.000000